from gurobipy import *
import math
import numpy as np
import time
import networkx as nx
import random
import copy

def createGraph(input_file):
    global G, n, m, start_time, delta_m, mov
        
    print("graph created")
    #for i in range(0, n):
    #    G.add_edge(i, i)
                                    
    conn_comp = nx.number_connected_components(G)
    n_nodes   = len(nx.nodes(G))
    n_edges   = len(nx.edges(G))
    av_degree = 0
    for e in nx.degree(G):
        av_degree = av_degree + e[1]
    av_degree = av_degree / n_nodes
    density   = nx.density(G)
    print("conn. comp.: " + str(conn_comp))
    print("num vertices: " + str(n_nodes))
    print("num edges: " + str(n_edges))
    print("density: " + str(density))
    print("av degree: " + str(av_degree))
    #print("---Compute all pairs shortest path - running time: %s seconds ---" % (time.time() - start_time))

def run():
    global G, model_feasible, runtime, n, m, feasible, I, B, D, mov
    try:
        m = Model("mip1")
        m.Params.outputFlag = 1  # 0 - Off  //  1 - On
        m.setParam("MIPGap", 0.0);
        m.setParam("Presolve", 2); # -1 - Automatic // 0 - Off // 1 - Conservative // 2 - Aggresive 
        #m.setParam("PreQLinearize", -1); # -1 - Automatic // 0 - Off // 1 - Strong LP relaxation // 2 - Compact relaxation
        #m.params.BestObjStop = k
        
        
        # ------------------------------INPUT --------------------------------
        b0 = []
        d0 = []
        for i in range(n):
            if i in I:
                b0.append(1) # These are the vertices burned at time j=0
            else:
                b0.append(0)
        for i in range(n):
            if i == 0:
                d0.append(1) # The bulldozer begins at vertex 0
            else:
                d0.append(0)
        
        #---------------------------- VARIABLES -----------------------------------------------------------
        
        b = []
        for i in range(n):
            temp = []
            for j in range(B):
                temp.append(0)
            b.append(temp)
        for i in range(n):
            for j in range(B):
                b[i][j] = m.addVar(vtype=GRB.BINARY, name="b,%s" % str(i+1) + "," + str(j+1))
        
        d = []
        for i in range(n):
            temp = []
            for j in range(B):
                temp.append(0)
            d.append(temp)
        for i in range(n):
            for j in range(B):
                d[i][j] = m.addVar(vtype=GRB.BINARY, name="d,%s" % str(i+1) + "," + str(j+1))
                
        d_prime = []
        for j in range(B):
            temp_1 = []
            for i in range(n):
                temp_2 = []
                for l in range(D):
                    temp_2.append(0)
                temp_1.append(temp_2)
            d_prime.append(temp_1)
        for j in range(B):
            for i in range(n):
                for l in range(D):
                    d_prime[j][i][l] = m.addVar(vtype=GRB.BINARY, name="d_prime,%s" % str(j+1) + "," + str(i+1) + "," + str(l+1))
                
        p = []
        for j in range(B):
            temp_1 = []
            for i in range(n):
                temp_2 = []
                for l in range(D):
                    temp_2.append(0)
                temp_1.append(temp_2)
            p.append(temp_1)
        for j in range(B):
            for i in range(n):
                for l in range(D):
                    p[j][i][l] = m.addVar(vtype=GRB.BINARY, name="p,%s" % str(j+1) + "," + str(i+1) + "," + str(l+1))
                
        t = []
        for j in range(B):
            t.append(0)
        for j in range(B):
            t[j] = m.addVar(vtype=GRB.CONTINUOUS, name="t,%s" % str(j+1))

        y = []
        for j in range(B):
            y.append(0)
        for j in range(B):
            y[j] = m.addVar(vtype=GRB.BINARY, name="y,%s" % str(j+1))
                    
        #---------------------------- CONSTRAINTS ---------------------------------------------------------
        
        for i in range(n): #---------------------------( 2 )
            for j in range(B):
                if j == 0:
                    m.addConstr(b[i][j] >= b0[i])
                else:
                    m.addConstr(b[i][j] >= b[i][j-1])

        for i in range(n): #-------------------------( 3 )
            for j in range(B):
                if j == 0:
                    m.addConstr(d[i][j] >= d0[i])
                else:
                    m.addConstr(d[i][j] >= d[i][j-1])

        for i in range(n): #---------------------------( 4 )
            for j in range(B):
                m.addConstr(b[i][j] + d[i][j] <= 1)

        for i in range(n): #---------------------------( 5 )
            for j in range(B):
                for k in G.neighbors(i):
                    if j == 0:
                        m.addConstr(b[i][j] + d[i][j] >= b0[k]) 
                    else:
                        m.addConstr(b[i][j] + d[i][j] >= b[k][j-1])
       
        for i in range(i): #---------------------------( 6 y 7 )
            d0[i] = 0
        d0[0] = 1
       
        for i in range(n): #---------------------------( 8 )
            for j in range(B):
                if j == 0:
                    m.addConstr(d_prime[j][i][0] >= d0[i])
                else:
                    m.addConstr(d_prime[j][i][0] >= d[i][j-1])
                    
        for i in range(n): #---------------------------( 9 )
            for j in range(B):
                m.addConstr(d_prime[j][i][D-1] == d[i][j])
                
        for i in range(n): #---------------------------( 10 )
            for j in range(B):
                for k in range(1,D):
                    m.addConstr(d_prime[j][i][k] >= d_prime[j][i][k-1])
                
        for j in range(B): #---------------------------( 11 y 12 )
            for i in range(n):
                for k in range(D):
                    if k == 0:
                        if j == 0:
                            m.addConstr(p[j][i][k] >= d_prime[j][i][k] - d0[i])
                        else:
                            m.addConstr(p[j][i][k] >= d_prime[j][i][k] - d[i][j-1])
                    else:
                        m.addConstr(p[j][i][k] >= d_prime[j][i][k] - d_prime[j][i][k-1])
                    
        for j in range(B): #---------------------------( 13 )
            for k in range(D):
                sum_ = 0
                for i in range(n):
                    sum_ = sum_ + p[j][i][k]
                m.addConstr(sum_ == 1)
                
        for j in range(B): #---------------------------( 14, 15 y 16)
            for k in range(D):
                sum_ = 0
                for i in range(n):
                    if k == 0:
                        if j == 0:
                            sum_ = sum_ + d_prime[j][i][k] - d0[i]
                        else:
                            sum_ = sum_ + d_prime[j][i][k] - d[i][j-1]
                    else:
                        sum_ = sum_ + d_prime[j][i][k] - d_prime[j][i][k-1]
                for i in range(n):        
                    if k == 0:
                        if j == 0:
                            m.addConstr(p[j][i][k] >= d0[i] * (1-sum_) )
                        else:
                            m.addConstr(p[j][i][k] >= p[j-1][i][D-1] * (1-sum_) )
                    else:
                        m.addConstr(p[j][i][k] >= p[j][i][k-1] * (1-sum_) )
                        
       
        for j in range(B): #---------------------------( 17 y 18 )
            sum_1 = 0
            for l in range(n):
                sum_1_a = 0
                for i in range(n):
                    sum_1_a = sum_1_a + p[j][i][0] * mov[i][l]
                if j == 0:
                    sum_1 = sum_1 + sum_1_a * d0[l]
                else:
                    sum_1 = sum_1 + sum_1_a * p[j-1][l][D-1]
            sum_2 = 0
            for k in range(1,D):
                sum_2_a = 0
                for l in range(n):
                    sum_2_b = 0
                    for i in range(n):
                        sum_2_b = sum_2_b + p[j][i][k] * mov[i][l]
                    sum_2_a = sum_2_a + sum_2_b * p[j][l][k-1]
                sum_2 = sum_2 + sum_2_a
            sum_3 = sum_1 + sum_2
            if j == 0:
                m.addConstr(t[j] == sum_3 + 0)
            else:
                m.addConstr(t[j] == sum_3 + t[j-1])
                
        for j in range(B): #---------------------------( 19 )
            sum_ = 0
            for i in range(n):
                for k in range(D):
                    if k == 0:
                        if j == 0:
                            m.addConstr(y[j] >= d_prime[j][i][k] - d0[i])
                            sum_ = sum_ + d_prime[j][i][k] - d0[i]
                        else:
                            m.addConstr(y[j] >= d_prime[j][i][k] - d[i][j-1])
                            sum_ = sum_ + d_prime[j][i][k] - d[i][j-1]
                    else:
                        m.addConstr(y[j] >= d_prime[j][i][k] - d_prime[j][i][k-1])
                        sum_ = sum_ + d_prime[j][i][k] - d_prime[j][i][k-1]
            m.addConstr(y[j] <= sum_)
                
        M = n + 1
                
        for j in range(B): #---------------------------( 20 y 21 )
            #m.addConstr(t[j] >= j  * y[j])
            #m.addConstr(t[j] <= (j+1) + (1 - y[j]) * M )
            m.addConstr(t[j] <= j+1)
                                        
        #---------------------------- OBJECTIVE FUNCTION --------------------------------------------------        
        b_transpose = np.array(b).T.tolist()
        m.setObjective(sum(b_transpose[B-1]), GRB.MINIMIZE)#-----------------------------------------------(1)
        #---------------------------- OPTIMIZATION -------------------------------------------------------
        
        #m.computeIIS()
        #m.write("model.lp")
        
        
        m.optimize()
        runtime = m.Runtime
        print("The run time is %f" % runtime)
        
        if m.status == GRB.INFEASIBLE:
            model_feasible = False
        else:
            
            print("Obj:", m.objVal)
            
            b_out       = []
            d_out       = []
            d_prime_out = []
            p_out       = []
            t_out       = []
            for v in m.getVars():
                varName = v.varName
                varNameSplit = varName.split(',')
                if varNameSplit[0] == 'd':
                   d_out.append(v.x)
                if varNameSplit[0] == 'b':
                   b_out.append(v.x)
                if varNameSplit[0] == 'd_prime':
                   d_prime_out.append(v.x)
                if varNameSplit[0] == 't':
                   t_out.append(v.x)
                if varNameSplit[0] == 'p':
                   p_out.append(v.x) 
                   #print(str(varName) + ": " + str(v.x))
            
            d = []
            for i in range(n):
                temp = []
                for j in range(B):
                    temp.append(0)
                d.append(temp)
            j = 0
            k = 0
            for i in range(len(d_out)):
                if d_out[i] > 0.9:
                    d[j][k] = 1
                else:
                    d[j][k] = 0
                k =  k + 1
                if (i+1) % B == 0:
                    j = j + 1
                    k = 0

            b = []
            for i in range(n):
                temp = []
                for j in range(B):
                    temp.append(0)
                b.append(temp)                
            j = 0
            k = 0
            for i in range(len(b_out)):
                if b_out[i] > 0.9:
                    b[j][k] = 1
                else:
                    b[j][k] = 0
                k =  k + 1
                if (i+1) % B == 0:
                    j = j + 1
                    k = 0
                    
            d_prime = []
            for j in range(B):
                temp1 = []
                for i in range(n):
                    temp2 = []
                    for j in range(D):
                        temp2.append(0)
                    temp1.append(temp2)
                d_prime.append(temp1)    
            j = 0
            k = 0
            l = 0
            for i in range(len(d_prime_out)):
                if d_prime_out[i] > 0.9:
                    d_prime[l][j][k] = 1
                else:
                    d_prime[l][j][k] = 0
                k =  k + 1
                if (i+1) % D == 0:
                    j = j + 1
                    k = 0  
                if (i+1) % (n*D) == 0:
                    j = 0
                    k = 0
                    l += 1                    
                        
            p = []
            for j in range(B):
                temp1 = []
                for i in range(n):
                    temp2 = []
                    for j in range(D):
                        temp2.append(0)
                    temp1.append(temp2)
                p.append(temp1)
            j = 0
            k = 0
            l = 0
            for i in range(len(p_out)):
                if p_out[i] > 0.9:
                    p[l][j][k] = 1
                else:
                    p[l][j][k] = 0
                k =  k + 1
                if (i+1) % D == 0:
                    j = j + 1
                    k = 0  
                if (i+1) % (n*D) == 0:
                    j = 0
                    k = 0
                    l += 1               
            
            defense = []
            for l in range(B):
                for k in range(D):
                    for i in range(n):
                        if p[l][i][k] == 1:
                            defense.append([i,l+1])
                            break
                    
            t = []
            for i in range(len(t_out)):
                t.append(t_out[i])
                
                    
            #print("d ---------------------------")
            #for i in d:
            #    print(i)
            #print("b ---------------------------")
            #for i in b:
            #    print(i)
            print("t ---------------------------")
            print(t)
            print("defense ---------------------------")
            print(defense)
            #k = 0
            #for i in d_prime:
            #    k += 1
            #    print("d_prime_" + str(k) + "---------------------------")
            #    for j in i:
            #        print(j)
            #k = 0
            #for i in p:
            #    k += 1
            #    print("p_" + str(k) + "---------------------------")
            #    for j in i:
            #        print(j)
                    
    except GurobiError as e:
        print('Error code ' + str(e.errno) + ': ' + str(e))

    
if __name__ == "__main__":
    global instance, runtime, G, mov, I, B, D, n, m
    folder_dataset = 'C:/Users/jgd/Documents/FireFighter/'
    dataset = [
        #['lattice4x4.adjlist', [15]]
        #['lattice10x10.adjlist', [99]]
        #['AdjList_1.adjlist' ,[18]]
        #['AdjList_1_new.adjlist' ,[26]]
        #['AdjList_2_new.adjlist' ,[28]]
        ['AdjList_3_new.adjlist' ,[17]]
        #['Tree_new.adjlist' ,[18]]
        #['lattice2x2.adjlist', [3]]
        #['path4.mtx', 4, 3, [3]]
        #['test_lattice2x2.mtx', 5, 5, [2]]
        #['test2_lattice2x2.mtx', 6, 6, [2]]
        #['test3_lattice2x2.mtx', 8, 8, [2]]
        #['path6.mtx', 6, 5, [5]]
        ]
    # Tree
    #mov = [[0.0, 2.69453808, 3.64161647, 12.34325843, 2.86009481, 6.1374802, 5.32246651, 11.29659716, 3.31525444, 0.78519918, 12.41331877, 12.71590282, 10.85152542, 5.30531019, 14.62988656, 15.66729075, 5.1738933, 3.58142053, 8.10023862, 7.72959113, 2.08169749, 4.59862711, 6.84565681, 6.91266051, 16.3123257, 4.8405079], [2.69453808, 0.0, 6.33286266, 9.64875876, 4.29425366, 3.62836634, 6.02264541, 8.60592167, 3.06480263, 2.25476522, 9.73701553, 10.12917852, 8.17368452, 7.60734617, 12.13698276, 13.27478887, 2.47957666, 5.94352464, 5.43828894, 5.04438059, 4.76417279, 2.78090837, 7.02480049, 7.70310563, 13.81340365, 6.77107657], [3.64161647, 6.33286266, 0.0, 15.9780014, 4.00804448, 9.64134273, 6.17605611, 14.93774382, 5.90190981, 4.16710899, 16.01513254, 16.21524974, 14.45748061, 3.5593164, 18.01879751, 18.94081739, 8.81211911, 2.56523183, 11.73700783, 11.34952072, 1.57468355, 7.8158263, 7.95886858, 7.21101714, 19.69790598, 4.25692634], [12.34325843, 9.64875876, 15.9780014, 0.0, 13.18906052, 6.65734739, 13.53490248, 1.21019963, 11.06493431, 11.83677242, 1.21847207, 3.11832915, 1.83175951, 16.84611761, 5.18439858, 6.82614445, 7.17018836, 15.33762043, 4.44343542, 4.65384074, 14.40544845, 8.8601632, 13.28726193, 14.79876271, 6.2995567, 15.67399502], [2.86009481, 4.29425366, 4.00804448, 13.18906052, 0.0, 6.54302706, 2.55203149, 12.30111758, 2.2016778, 2.46256654, 12.99438637, 12.87478936, 11.49295696, 7.07799438, 14.46175496, 15.24009862, 6.40054883, 5.49462281, 9.40801035, 8.57909014, 2.92421481, 4.40130551, 4.23596374, 4.06829594, 16.11947556, 7.11223997], [6.1374802, 3.62836634, 9.64134273, 6.65734739, 6.54302706, 0.0, 7.02023245, 5.83650559, 4.40798494, 5.49154145, 6.46790425, 6.58377272, 4.9515114, 11.23322217, 8.51841325, 9.64893718, 1.89886861, 9.55770251, 3.47662582, 2.17386813, 8.07913676, 2.21692624, 7.13140097, 8.44665983, 10.19802227, 10.37950982], [5.32246651, 6.02264541, 6.17605611, 13.53490248, 2.55203149, 7.02023245, 0.0, 12.82257679, 3.01623754, 4.77488592, 13.11344175, 12.62301977, 11.7338606, 9.50479511, 13.85853526, 14.38249205, 7.54307763, 7.98929774, 10.34049008, 9.1927582, 5.38282355, 4.84396878, 1.78281258, 1.68452975, 15.44610294, 9.64217133], [11.29659716, 8.60592167, 14.93774382, 1.21019963, 12.30111758, 5.83650559, 12.82257679, 0.0, 10.2247338, 10.82382343, 2.09441163, 3.84432566, 1.64695079, 15.6963289, 6.09367811, 7.72561094, 6.12954017, 14.21040127, 3.28797438, 3.72233099, 13.37009259, 8.05330675, 12.71380328, 14.16409044, 7.34540194, 14.50372216], [3.31525444, 3.06480263, 5.90190981, 11.06493431, 2.2016778, 4.40798494, 3.01623754, 10.2247338, 0.0, 2.55091774, 10.8229774, 10.67314007, 9.33868012, 8.46980964, 12.27957352, 13.1003455, 4.58428986, 6.76531945, 7.4908784, 6.51112833, 4.51501243, 2.21931093, 3.98174339, 4.67500764, 13.94327444, 8.14568881], [0.78519918, 2.25476522, 4.16710899, 11.83677242, 2.46256654, 5.49154145, 4.77488592, 10.82382343, 2.55091774, 0.0, 11.84912271, 12.07478086, 10.29278088, 6.0790813, 13.94477075, 14.95145432, 4.69860935, 4.35512136, 7.68864491, 7.1942034, 2.59516155, 3.84654483, 6.20912235, 6.41300434, 15.6272628, 5.62226734], [12.41331877, 9.73701553, 16.01513254, 1.21847207, 12.99438637, 6.46790425, 13.11344175, 2.09441163, 10.8229774, 11.84912271, 0.0, 1.90003438, 1.56357422, 17.13358255, 4.02199744, 5.66167899, 7.29470888, 15.5678518, 4.89030374, 4.69686133, 14.4410741, 8.60373002, 12.71754856, 14.28325341, 5.25445843, 16.03227189], [12.71590282, 10.12917852, 16.21524974, 3.11832915, 12.87478936, 6.58377272, 12.62301977, 3.84432566, 10.67314007, 12.07478086, 1.90003438, 0.0, 2.6118074, 17.70147714, 2.3518661, 3.93205427, 7.83263402, 16.06600072, 5.99873107, 5.31296985, 14.65862467, 8.50059261, 11.98375994, 13.61875396, 3.86709812, 16.71557835], [10.85152542, 8.17368452, 14.45748061, 1.83175951, 11.49295696, 4.9515114, 11.7338606, 1.64695079, 9.33868012, 10.29278088, 1.56357422, 2.6118074, 0.0, 15.58271487, 4.96315262, 6.53297558, 5.73233014, 14.00948474, 3.45819553, 3.13352906, 12.88307769, 7.12195452, 11.45710668, 12.9758221, 6.42125175, 14.49783156], [5.30531019, 7.60734617, 3.5593164, 16.84611761, 7.07799438, 11.23322217, 9.50479511, 15.6963289, 8.46980964, 6.0790813, 17.13358255, 17.70147714, 15.58271487, 0.0, 19.74369024, 20.86788685, 9.8867652, 1.72409828, 12.40949609, 12.47385352, 4.15383123, 9.89548123, 11.26718792, 10.69383476, 21.41887369, 1.50735676], [14.62988656, 12.13698276, 18.01879751, 5.18439858, 14.46175496, 8.51841325, 13.85853526, 6.09367811, 12.27957352, 13.94477075, 4.02199744, 2.3518661, 4.96315262, 19.74369024, 0.0, 1.64194246, 9.96019735, 18.07538198, 8.33218791, 7.53462099, 16.49043977, 10.20833345, 12.95956846, 14.63838209, 1.68260264, 18.82844936], [15.66729075, 13.27478887, 18.94081739, 6.82614445, 15.24009862, 9.64893718, 14.38249205, 7.72561094, 13.1003455, 14.95145432, 5.66167899, 3.93205427, 6.53297558, 20.86788685, 1.64194246, 0.0, 11.22266398, 19.17578297, 9.82799986, 8.90862517, 17.44571855, 11.13886346, 13.31099511, 14.99462349, 1.51257476, 20.02425449], [5.1738933, 2.47957666, 8.81211911, 7.17018836, 6.40054883, 1.89886861, 7.54307763, 6.12954017, 4.58428986, 4.69860935, 7.29470888, 7.83263402, 5.73233014, 9.8867652, 9.96019735, 11.22266398, 0.0, 8.28568492, 3.02503932, 2.60056235, 7.24217467, 2.90742183, 8.06758082, 9.13380464, 11.61420387, 8.88477454], [3.58142053, 5.94352464, 2.56523183, 15.33762043, 5.49462281, 9.55770251, 7.98929774, 14.21040127, 6.76531945, 4.35512136, 15.5678518, 16.06600072, 14.00948474, 1.72409828, 18.07538198, 19.17578297, 8.28568492, 0.0, 10.92506501, 10.88435265, 2.61067234, 8.17412445, 9.72321638, 9.28935165, 19.75367659, 1.74174469], [8.10023862, 5.43828894, 11.73700783, 4.44343542, 9.40801035, 3.47662582, 10.34049008, 3.28797438, 7.4908784, 7.68864491, 4.89030374, 5.99873107, 3.45819553, 12.40949609, 8.33218791, 9.82799986, 3.02503932, 10.92506501, 0.0, 1.58089135, 10.18172332, 5.50726129, 10.59249795, 11.84585271, 9.85510696, 11.23092156], [7.72959113, 5.04438059, 11.34952072, 4.65384074, 8.57909014, 2.17386813, 9.1927582, 3.72233099, 6.51112833, 7.1942034, 4.69686133, 5.31296985, 3.13352906, 12.47385352, 7.53462099, 8.90862517, 2.60056235, 10.88435265, 1.58089135, 0.0, 9.77500048, 4.369047, 9.26792185, 10.61550814, 9.1523327, 11.43006949], [2.08169749, 4.76417279, 1.57468355, 14.40544845, 2.92421481, 8.07913676, 5.38282355, 13.37009259, 4.51501243, 2.59516155, 14.4410741, 14.65862467, 12.88307769, 4.15383123, 16.49043977, 17.44571855, 7.24217467, 2.61067234, 10.18172332, 9.77500048, 0.0, 6.3072182, 7.1281481, 6.68967693, 18.17146896, 4.30327841], [4.59862711, 2.78090837, 7.8158263, 8.8601632, 4.40130551, 2.21692624, 4.84396878, 8.05330675, 2.21931093, 3.84654483, 8.60373002, 8.50059261, 7.12195452, 9.89548123, 10.20833345, 11.13886346, 2.90742183, 8.17412445, 5.50726129, 4.369047, 6.3072182, 0.0, 5.17553967, 6.34196185, 11.88525069, 9.28096237], [6.84565681, 7.02480049, 7.95886858, 13.28726193, 4.23596374, 7.13140097, 1.78281258, 12.71380328, 3.98174339, 6.20912235, 12.71754856, 11.98375994, 11.45710668, 11.26718792, 12.95956846, 13.31099511, 8.06758082, 9.72321638, 10.59249795, 9.26792185, 7.1281481, 5.17553967, 0.0, 1.68452525, 14.47827637, 11.3473849], [6.91266051, 7.70310563, 7.21101714, 14.79876271, 4.06829594, 8.44665983, 1.68452975, 14.16409044, 4.67500764, 6.41300434, 14.28325341, 13.61875396, 12.9758221, 10.69383476, 14.63838209, 14.99462349, 9.13380464, 9.28935165, 11.84585271, 10.61550814, 6.68967693, 6.34196185, 1.68452525, 0.0, 16.16189478, 10.99268415], [16.3123257, 13.81340365, 19.69790598, 6.2995567, 16.11947556, 10.19802227, 15.44610294, 7.34540194, 13.94327444, 15.6272628, 5.25445843, 3.86709812, 6.42125175, 21.41887369, 1.68260264, 1.51257476, 11.61420387, 19.75367659, 9.85510696, 9.1523327, 18.17146896, 11.88525069, 14.47827637, 16.16189478, 0.0, 20.49131732], [4.8405079, 6.77107657, 4.25692634, 15.67399502, 7.11223997, 10.37950982, 9.64217133, 14.50372216, 8.14568881, 5.62226734, 16.03227189, 16.71557835, 14.49783156, 1.50735676, 18.82844936, 20.02425449, 8.88477454, 1.74174469, 11.23092156, 11.43006949, 4.30327841, 9.28096237, 11.3473849, 10.99268415, 20.49131732, 0.0]]
    # AdjList_1
    #mov = [[0.0, 13.87300946, 13.03937355, 10.26931471, 8.88709628, 7.15949726, 15.79267074, 20.34855371, 9.32694321, 8.11218109, 9.593138, 5.55936489, 2.69133386, 12.64895326, 11.83495959, 11.70879828, 6.4373446, 7.78414476, 6.68451163, 7.79300168, 17.34996024, 17.60395722, 9.79397585, 9.85718622, 19.21619553, 3.82862739, 8.7164367, 13.18288407, 17.53956817, 11.70369435, 8.67701736] ,[13.87300946, 0.0, 4.24323817, 3.67236146, 5.7303412, 8.03122229, 2.23783709, 6.68986255, 8.04866435, 7.87049496, 14.98945227, 10.18991545, 12.93697881, 5.95639905, 2.40239869, 6.07824264, 11.11678063, 8.44551052, 8.60010133, 11.75839269, 6.05118257, 5.30404834, 6.63675716, 5.70534735, 5.72297753, 11.6685413, 13.59625527, 5.22122152, 4.31369829, 4.7267962, 10.82099606] ,[13.03937355, 4.24323817, 0.0, 5.07728371, 7.30347763, 9.24700528, 6.18408462, 9.87588616, 4.83585554, 5.33980017, 16.82365268, 11.04368349, 12.94844797, 1.75205743, 2.88335684, 2.16997718, 12.37288352, 10.07524752, 6.58401409, 13.4353958, 10.28382056, 9.44039185, 3.62189896, 7.99620437, 9.22408933, 11.99509716, 15.37513181, 0.98681961, 8.18963269, 1.3594828, 12.82301273] ,[10.26931471, 3.67236146, 5.07728371, 0.0, 2.323665, 4.53116383, 5.52837509, 10.09646867, 6.33673621, 5.56947424, 11.91344487, 6.61560053, 9.26589665, 6.15052067, 2.34510263, 5.70239291, 7.69582198, 5.1626248, 5.78125939, 8.55787492, 7.88908566, 7.73356999, 5.10321362, 2.92762016, 8.99537615, 8.01345658, 10.47528224, 5.89713902, 7.36247894, 4.48740453, 7.82270527] ,[8.88709628, 5.7303412, 7.30347763, 2.323665, 0.0, 2.30142214, 7.21729467, 11.64918299, 7.50071967, 6.39406928, 9.59251253, 4.47589495, 7.43633595, 8.17549729, 4.66479455, 7.58322465, 5.41598382, 2.83912446, 6.06284458, 6.23423946, 8.50188127, 8.71843188, 6.53196685, 1.30475623, 10.46645486, 6.07234356, 8.15276462, 8.05259831, 8.75921413, 6.53127564, 5.52542753] ,[7.15949726, 8.03122229, 9.24700528, 4.53116383, 2.30142214, 0.0, 9.47058496, 13.82802286, 8.39464982, 7.08258705, 7.59649398, 2.19285638, 5.33499761, 9.85930991, 6.81434145, 9.13965091, 3.17264835, 1.12205638, 6.29177839, 4.2081104, 10.28569975, 10.69209409, 7.73901619, 2.81956828, 12.62381157, 3.90893715, 6.14837579, 9.88932377, 10.90755626, 8.29159556, 3.82122721] ,[15.79267074, 2.23783709, 6.18408462, 5.52837509, 7.21729467, 9.47058496, 0.0, 4.57337959, 10.27306186, 10.10601659, 15.83151905, 11.66343562, 14.62875912, 7.93540704, 4.63742738, 8.17827032, 12.37857421, 9.66627221, 10.80194322, 12.78714438, 4.30212228, 3.27891144, 8.86209542, 6.82343432, 3.52381635, 13.28684489, 14.50755284, 7.11414623, 2.08216715, 6.86896002, 11.70959286] ,[20.34855371, 6.68986255, 9.87588616, 10.09646867, 11.64918299, 13.82802286, 4.57337959, 0.0, 14.45411313, 14.47312945, 19.51470416, 16.00751228, 19.08541924, 11.55480272, 9.05636221, 12.03251743, 16.55079062, 13.86878021, 15.28080044, 16.74021478, 5.10872591, 3.83728518, 13.06943212, 11.06218161, 1.24056048, 17.70810142, 18.29819095, 10.64149624, 2.93918273, 10.87722827, 15.55557199] ,[9.32694321, 8.04866435, 4.83585554, 6.33673621, 7.50071967, 8.39464982, 10.27306186, 14.45411313, 0.0, 1.40630666, 15.58996582, 9.37227373, 10.07329709, 3.69386905, 5.70986429, 2.81169309, 10.9383549, 9.48981659, 2.75163283, 12.34462784, 13.79041051, 13.27898131, 1.41196102, 8.70828004, 13.65033066, 9.5787741, 14.19733006, 4.48787087, 12.35512155, 3.61488034, 12.19699495] ,[8.11218109, 7.87049496, 5.33980017, 5.56947424, 6.39406928, 7.08258705, 10.10601659, 14.47312945, 1.40630666, 0.0, 14.19540853, 7.97688787, 8.70670776, 4.58778427, 5.46866104, 3.6463882, 9.54749941, 8.1910259, 1.43237716, 10.96807515, 13.31152777, 12.93395999, 1.75956695, 7.65194891, 13.57881789, 8.17796847, 12.80860634, 5.23515614, 12.16922105, 3.99564885, 10.86110176] ,[9.593138, 14.98945227, 16.82365268, 11.91344487, 9.59251253, 7.59649398, 15.83151905, 19.51470416, 15.58996582, 14.19540853, 0.0, 6.21852189, 6.99240744, 17.44387647, 14.25705759, 16.69623841, 4.65581362, 6.76328816, 13.06730703, 3.39012822, 14.82726971, 15.79334966, 15.16990059, 9.2924934, 18.2779851, 6.51126118, 1.44894598, 17.48502524, 16.64965172, 15.88775764, 4.16856321] ,[5.55936489, 10.18991545, 11.04368349, 6.61560053, 4.47589495, 2.19285638, 11.66343562, 16.00751228, 9.37227373, 7.97688787, 6.21852189, 0.0, 3.3255759, 11.42922451, 8.8175326, 10.62470016, 1.58412805, 2.34615336, 6.87329623, 3.09159006, 12.31382888, 12.80286736, 9.00424136, 4.95939238, 14.7979951, 1.87245486, 4.84219825, 11.58558897, 13.08101108, 9.96271172, 3.44220958] ,[2.69133386, 12.93697881, 12.94844797, 9.26589665, 7.43633595, 5.33499761, 14.62875912, 19.08541924, 10.07329709, 8.70670776, 6.99240744, 3.3255759, 0.0, 12.92102814, 11.20494726, 12.01817286, 3.8537762, 5.6709554, 7.32330843, 5.12760355, 15.59984166, 16.02646317, 10.17028229, 8.15392771, 17.89921969, 1.45500612, 6.04264206, 13.28824345, 16.18839369, 11.69951924, 6.08602176] ,[12.64895326, 5.95639905, 1.75205743, 6.15052067, 8.17549729, 9.85930991, 7.93540704, 11.55480272, 3.69386905, 4.58778427, 17.44387647, 11.42922451, 12.92102814, 0.0, 4.27095536, 0.94275412, 12.86737946, 10.79908569, 5.98328464, 14.06290555, 12.00703063, 11.18734576, 2.85685962, 9.05534815, 10.94566708, 12.13076671, 15.99908456, 0.92611969, 9.94017355, 1.66376675, 13.59119982] ,[11.83495959, 2.40239869, 2.88335684, 2.34510263, 4.66479455, 6.81434145, 4.63742738, 9.05636221, 5.70986429, 5.46866104, 14.25705759, 8.8175326, 11.20494726, 4.27095536, 0.0, 4.10243882, 9.9869739, 7.50100139, 6.22658749, 10.89604224, 8.12961185, 7.56920751, 4.30290909, 5.18641268, 8.12049236, 10.05833251, 12.81750885, 3.80408544, 6.70466442, 2.72495174, 10.1660557] ,[11.70879828, 6.07824264, 2.16997718, 5.70239291, 7.58322465, 9.13965091, 8.17827032, 12.03251743, 2.81169309, 3.6463882, 16.69623841, 10.62470016, 12.01817286, 0.94275412, 4.10243882, 0.0, 12.09053409, 10.11629031, 5.04063697, 13.32719632, 12.10124288, 11.37477017, 1.91520346, 8.54783656, 11.34642484, 11.26028144, 15.25622608, 1.67690854, 10.22931137, 1.38448682, 12.91187247] ,[6.4373446, 11.11678063, 12.37288352, 7.69582198, 5.41598382, 3.17264835, 12.37857421, 16.55079062, 10.9383549, 9.54749941, 4.65581362, 1.58412805, 3.8537762, 12.86737946, 9.9869739, 12.09053409, 0.0, 2.71236511, 8.45717468, 1.54718684, 12.49655477, 13.14306389, 10.52319648, 5.55523918, 15.32051453, 2.62909282, 3.26225878, 12.96975405, 13.61170773, 11.35459032, 2.24101784] ,[7.78414476, 8.44551052, 10.07524752, 5.1626248, 2.83912446, 1.12205638, 9.66627221, 13.86878021, 9.48981659, 8.1910259, 6.76328816, 2.34615336, 5.6709554, 10.79908569, 7.50100139, 10.11629031, 2.71236511, 0.0, 7.4137736, 3.39538331, 9.99615576, 10.54206128, 8.78763952, 2.84316438, 12.64364243, 4.21652771, 5.31945246, 10.77035217, 10.93028738, 9.19749848, 2.79562155] ,[6.68451163, 8.60010133, 6.58401409, 5.78125939, 6.06284458, 6.29177839, 10.80194322, 15.28080044, 2.75163283, 1.43237716, 13.06730703, 6.87329623, 7.32330843, 5.98328464, 6.22658749, 5.04063697, 8.45717468, 7.4137736, 0.0, 9.93141536, 13.66615417, 13.428634, 3.12823272, 7.36493564, 14.31770932, 6.88185392, 11.71322338, 6.58013675, 12.8215552, 5.22461902, 9.95537903] ,[7.79300168, 11.75839269, 13.4353958, 8.55787492, 6.23423946, 4.2081104, 12.78714438, 16.74021478, 12.34462784, 10.96807515, 3.39012822, 3.09159006, 5.12760355, 14.06290555, 10.89604224, 13.32719632, 1.54718684, 3.39538331, 9.93141536, 0.0, 12.37570065, 13.16726412, 11.84428103, 6.05968734, 15.50032575, 4.07283787, 1.94123626, 14.09525309, 13.8187458, 12.49965066, 1.29839868] ,[17.34996024, 6.05118257, 10.28382056, 7.88908566, 8.50188127, 10.28569975, 4.30212228, 5.10872591, 13.79041051, 13.31152777, 14.82726971, 12.31382888, 15.59984166, 12.00703063, 8.12961185, 12.10124288, 12.49655477, 9.99615576, 13.66615417, 12.37570065, 0.0, 1.39939368, 12.40208116, 7.50154126, 4.01420874, 14.15266741, 13.72428755, 11.25216342, 3.05096951, 10.72886707, 11.11246763] ,[17.60395722, 5.30404834, 9.44039185, 7.73356999, 8.71843188, 10.69209409, 3.27891144, 3.83728518, 13.27898131, 12.93395999, 15.79334966, 12.80286736, 16.02646317, 11.18734576, 7.56920751, 11.37477017, 13.14306389, 10.54206128, 13.428634, 13.16726412, 1.39939368, 0.0, 11.87174275, 7.87263384, 2.67596747, 14.59820309, 14.62670887, 10.38281294, 1.68776206, 10.03049275, 11.93787468] ,[9.79397585, 6.63675716, 3.62189896, 5.10321362, 6.53196685, 7.73901619, 8.86209542, 13.06943212, 1.41196102, 1.75956695, 15.16990059, 9.00424136, 10.17028229, 2.85685962, 4.30290909, 1.91520346, 10.52319648, 8.78763952, 3.12823272, 11.84428103, 12.40208116, 11.87174275, 0.0, 7.66463837, 12.2496542, 9.48467094, 13.74649513, 3.47565239, 10.94402761, 2.31264759, 11.55864464] ,[9.85718622, 5.70534735, 7.99620437, 2.92762016, 1.30475623, 2.81956828, 6.82343432, 11.06218161, 8.70828004, 7.65194891, 9.2924934, 4.95939238, 8.15392771, 9.05534815, 5.18641268, 8.54783656, 5.55523918, 2.84316438, 7.36493564, 6.05968734, 7.50154126, 7.87263384, 7.66463837, 0.0, 9.84604144, 6.72738767, 7.89198533, 8.82474647, 8.12925592, 7.39221693, 5.12787027] ,[19.21619553, 5.72297753, 9.22408933, 8.99537615, 10.46645486, 12.62381157, 3.52381635, 1.24056048, 13.65033066, 13.57881789, 18.2779851, 14.7979951, 17.89921969, 10.94566708, 8.12049236, 11.34642484, 15.32051453, 12.64364243, 14.31770932, 15.50032575, 4.01420874, 2.67596747, 12.2496542, 9.84604144, 0.0, 16.51298451, 17.05842325, 10.05243704, 1.71703268, 10.12636373, 14.3150126] ,[3.82862739, 11.6685413, 11.99509716, 8.01345658, 6.07234356, 3.90893715, 13.28684489, 17.70810142, 9.5787741, 8.17796847, 6.51126118, 1.87245486, 1.45500612, 12.13076671, 10.05833251, 11.26028144, 2.62909282, 4.21652771, 6.88185392, 4.07283787, 14.15266741, 14.59820309, 9.48467094, 6.72738767, 16.51298451, 0.0, 5.34972425, 12.41639362, 14.79886643, 10.80266929, 4.85890174] ,[8.7164367, 13.59625527, 15.37513181, 10.47528224, 8.15276462, 6.14837579, 14.50755284, 18.29819095, 14.19733006, 12.80860634, 1.44894598, 4.84219825, 6.04264206, 15.99908456, 12.81750885, 15.25622608, 3.26225878, 5.31945246, 11.71322338, 1.94123626, 13.72428755, 14.62670887, 13.74649513, 7.89198533, 17.05842325, 5.34972425, 0.0, 16.03638109, 15.4070327, 14.4399125, 2.79937419] ,[13.18288407, 5.22122152, 0.98681961, 5.89713902, 8.05259831, 9.88932377, 7.11414623, 10.64149624, 4.48787087, 5.23515614, 17.48502524, 11.58558897, 13.28824345, 0.92611969, 3.80408544, 1.67690854, 12.96975405, 10.77035217, 6.58013675, 14.09525309, 11.25216342, 10.38281294, 3.47565239, 8.82474647, 10.05243704, 12.41639362, 16.03638109, 0.0, 9.09019728, 1.624029, 13.54359517] ,[17.53956817, 4.31369829, 8.18963269, 7.36247894, 8.75921413, 10.90755626, 2.08216715, 2.93918273, 12.35512155, 12.16922105, 16.64965172, 13.08101108, 16.18839369, 9.94017355, 6.70466442, 10.22931137, 13.61170773, 10.93028738, 12.8215552, 13.8187458, 3.05096951, 1.68776206, 10.94402761, 8.12925592, 1.71703268, 14.79886643, 15.4070327, 9.09019728, 0.0, 8.93683876, 12.64820729] ,[11.70369435, 4.7267962, 1.3594828, 4.48740453, 6.53127564, 8.29159556, 6.86896002, 10.87722827, 3.61488034, 3.99564885, 15.88775764, 9.96271172, 11.69951924, 1.66376675, 2.72495174, 1.38448682, 11.35459032, 9.19749848, 5.22461902, 12.49965066, 10.72886707, 10.03049275, 2.31264759, 7.39221693, 10.12636373, 10.80266929, 14.4399125, 1.624029, 8.93683876, 0.0, 11.98209726] ,[8.67701736, 10.82099606, 12.82301273, 7.82270527, 5.52542753, 3.82122721, 11.70959286, 15.55557199, 12.19699495, 10.86110176, 4.16856321, 3.44220958, 6.08602176, 13.59119982, 10.1660557, 12.91187247, 2.24101784, 2.79562155, 9.95537903, 1.29839868, 11.11246763, 11.93787468, 11.55864464, 5.12787027, 14.3150126, 4.85890174, 2.79937419, 13.54359517, 12.64820729, 11.98209726, 0.0]]
    # AdjList_2
